Monkey 0:
  Inspected items: 220
    Item 18446744072791875032 history: [7, 0, 5, 6, 3, 2, 0, 5, 6, 3, 2, 7, 0, 1, 6, 3, 2, 7, 0, 1, 6, 3, 2, 7, 0, 1, 6, 3, 2, 7, 0, 5, 4, 3, 2, 0] 
    Item 1343037368 history: [7, 0, 5, 6, 3, 2, 7, 0, 5, 6, 3, 2, 7, 0, 1, 6, 3, 2, 7, 0, 1, 6, 3, 2, 7, 0, 1, 6, 3, 2, 7, 0, 5, 4, 3, 2, 0]        
    Item 12767708 history: [0, 5, 6, 3, 2, 0, 5, 6, 3, 2, 7, 0, 5, 6, 3, 2, 7, 0, 5, 6, 3, 2, 7, 0, 5, 6, 3, 2, 7, 0, 5, 6, 3, 7, 1, 6, 3, 2, 7, 0] 
    Item 18446744073099904098 history: [3, 2, 7, 0, 5, 6, 3, 2, 7, 0, 5, 6, 3, 2, 7, 0, 5, 6, 3, 2, 7, 0, 1, 6, 4, 2, 7, 0, 5, 6, 3, 2, 7, 0, 1, 6, 3, 2, 7, 0]
    Item 18446744072047276384 history: [6, 3, 2, 7, 0, 5, 6, 3, 2, 7, 0, 1, 6, 3, 2, 7, 0, 1, 5, 6, 3, 2, 7, 1, 6, 3, 7, 0, 5, 6, 3, 2, 7, 0, 1, 6, 3, 2, 7, 0]
    Item 18446744071953836960 history: [0, 5, 6, 3, 2, 7, 0, 5, 6, 4, 2, 7, 0, 1, 6, 3, 2, 7, 0, 5, 4, 2, 0, 5, 6, 3, 2, 7, 0, 5, 6, 3, 7, 0, 1, 6, 3, 2, 7, 0]
    Item 1594515348 history: [4, 3, 2, 0, 5, 6, 3, 2, 7, 0, 5, 6, 3, 2, 7, 0, 5, 6, 3, 2, 7, 0, 5, 6, 3, 2, 7, 0, 5, 6, 3, 7, 0, 1, 6, 3, 2, 7, 0]  
    Item 1335911088 history: [3, 2, 7, 0, 5, 6, 3, 2, 7, 0, 1, 6, 3, 2, 7, 0, 1, 6, 3, 2, 7, 0, 1, 6, 3, 2, 7, 0, 1, 6, 3, 2, 7, 0, 5, 6, 3, 2, 7, 0]
    Item 18446744073527230838 history: [1, 6, 3, 7, 0, 5, 6, 3, 2, 7, 0, 5, 6, 3, 2, 7, 0, 5, 6, 3, 2, 7, 0, 1, 6, 3, 2, 7, 0, 1, 6, 3, 2, 7, 0, 5, 6, 3, 2, 7, 0]
    Item 18446744071798220694 history: [5, 6, 4, 2, 0, 5, 6, 3, 7, 0, 5, 6, 3, 2, 7, 0, 1, 6, 3, 2, 7, 0, 1, 6, 3, 2, 7, 0, 5, 6, 3, 2, 7, 0, 5, 6, 3, 2, 7, 0]
    Item 653234754 history: [3, 2, 0, 5, 6, 4, 3, 2, 7, 0, 1, 5, 6, 3, 7, 0, 5, 6, 3, 2, 7, 0, 5, 6, 3, 2, 7, 0, 5, 6, 3, 2, 7, 0, 5, 6, 3, 2, 7, 0]
    Item 653234754 history: [3, 2, 0, 5, 6, 4, 3, 2, 7, 0, 1, 5, 6, 3, 7, 0, 5, 6, 3, 2, 7, 0, 5, 6, 3, 2, 7, 0, 5, 6, 3, 2, 7, 0, 5, 6, 3, 2, 7, 0]
    Item 733742604 history: [1, 6, 3, 7, 0, 5, 6, 3, 2, 0, 5, 6, 3, 7, 0, 1, 6, 3, 7, 0, 1, 6, 3, 7, 0, 1, 5, 6, 3, 2, 7, 0, 5, 6, 3, 2, 7, 0, 5, 6, 3, 2, 7, 0]
    Item 139851978 history: [7, 0, 5, 6, 4, 3, 2, 0, 1, 6, 4, 3, 2, 7, 0, 5, 6, 3, 2, 7, 0, 5, 6, 3, 2, 7, 0, 5, 6, 3, 7, 0, 5, 6, 3, 2, 7, 0]      
    Item 139851978 history: [7, 0, 5, 6, 4, 3, 2, 0, 1, 6, 4, 3, 2, 7, 0, 5, 6, 3, 2, 7, 0, 5, 6, 3, 2, 7, 0, 5, 6, 3, 7, 0, 5, 6, 3, 2, 7, 0]      
    Item 940639782 history: [1, 6, 3, 2, 0, 1, 6, 3, 2, 7, 0, 1, 6, 3, 2, 7, 0, 1, 6, 3, 2, 7, 0, 1, 6, 3, 2, 7, 0, 1, 6, 3, 2, 7, 0, 5, 6, 3, 7, 0]

  old = old ^ 1 * 11 + 0
  Test: divisible by 5
    If true: throw to monkey 1
    If false: throw to monkey 5
Monkey 1:
  Inspected items: 99
    Item 660292028 history: [7, 0, 1, 6, 3, 2, 7, 0, 1, 6, 3, 2, 7, 0, 1, 6, 3, 2, 7, 0, 1, 6, 3, 2, 7, 0, 1, 6, 4, 3, 2, 7, 0, 5, 6, 3, 2, 7, 1]   

  old = old ^ 1 * 1 + 8
  Test: divisible by 17
    If true: throw to monkey 5
    If false: throw to monkey 6
Monkey 2:
  Inspected items: 208
    Item 18446744073381594116 history: [3, 2, 7, 0, 5, 6, 3, 2, 7, 0, 5, 6, 3, 2, 7, 0, 5, 6, 3, 2, 7, 0, 5, 6, 3, 2, 7, 0, 5, 6, 3, 2, 7, 0, 5, 4, 3, 2]
    Item 4255901 history: [7, 0, 5, 6, 3, 2, 0, 5, 6, 3, 2, 7, 0, 5, 6, 3, 2, 7, 0, 5, 6, 3, 2, 7, 0, 5, 6, 3, 2, 7, 0, 5, 6, 3, 7, 1, 6, 3, 2]     
    Item 1205180635 history: [7, 0, 5, 6, 3, 2, 7, 0, 1, 6, 3, 2, 7, 0, 1, 6, 4, 3, 2, 7, 0, 5, 6, 3, 2, 7, 0, 1, 6, 4, 3, 2, 7, 0, 1, 6, 3, 2]     
    Item 18446744071774632665 history: [0, 1, 6, 3, 2, 7, 0, 1, 6, 3, 2, 7, 0, 1, 6, 3, 2, 7, 0, 1, 6, 3, 2, 7, 0, 1, 6, 3, 2, 7, 0, 1, 6, 3, 2, 7, 0, 1, 6, 3, 2]
    Item 18446744072682674927 history: [5, 6, 3, 2, 7, 0, 5, 6, 3, 2, 7, 0, 5, 6, 3, 2, 7, 0, 5, 6, 3, 2, 7, 0, 1, 6, 3, 2, 7, 1, 6, 3, 2, 7, 0, 5, 6, 3, 2]
    Item 18446744072889287087 history: [4, 3, 2, 7, 0, 1, 6, 3, 2, 7, 0, 1, 6, 3, 2, 7, 0, 1, 6, 4, 2, 7, 0, 5, 6, 3, 2, 7, 1, 6, 3, 2, 7, 0, 5, 6, 3, 2]
    Item 930713843 history: [1, 6, 3, 2, 7, 0, 1, 6, 3, 2, 7, 0, 1, 6, 3, 2, 7, 0, 1, 6, 3, 2, 7, 0, 1, 6, 3, 2, 7, 0, 1, 6, 3, 2, 7, 0, 5, 6, 3, 2]
    Item 18446744072723199545 history: [1, 6, 3, 2, 7, 0, 5, 6, 3, 2, 7, 0, 1, 6, 3, 2, 7, 0, 1, 6, 3, 2, 7, 0, 1, 6, 3, 2, 7, 0, 1, 6, 3, 2, 7, 0, 5, 6, 3, 2]
    Item 18446744073567136731 history: [6, 3, 2, 0, 5, 6, 3, 2, 7, 0, 5, 6, 3, 2, 7, 0, 1, 6, 3, 2, 7, 0, 1, 6, 3, 2, 7, 0, 1, 6, 3, 2, 7, 0, 5, 6, 3, 2]
    Item 18446744073218291525 history: [4, 3, 2, 7, 0, 1, 6, 3, 2, 7, 0, 1, 6, 3, 2, 7, 1, 6, 3, 2, 7, 0, 1, 6, 3, 2, 7, 0, 5, 6, 3, 2, 7, 0, 5, 6, 3, 2]
    Item 18446744072679566177 history: [0, 5, 6, 3, 2, 7, 0, 1, 5, 6, 3, 2, 7, 0, 5, 6, 3, 2, 7, 0, 1, 6, 3, 2, 7, 0, 1, 6, 3, 2, 7, 0, 5, 6, 3, 2, 7, 0, 5, 6, 3, 2]
    Item 18446744071825105217 history: [5, 6, 3, 2, 0, 5, 6, 3, 2, 7, 0, 5, 6, 3, 2, 7, 0, 5, 6, 3, 2, 7, 0, 5, 6, 3, 2, 7, 0, 5, 6, 3, 2, 7, 0, 5, 6, 3, 2]

  old = old ^ 1 * 3 + 0
  Test: divisible by 2
    If true: throw to monkey 0
    If false: throw to monkey 7
Monkey 3:
  Inspected items: 237
    Item 333623696 history: [7, 0, 5, 6, 3, 2, 7, 0, 5, 6, 3, 7, 0, 1, 6, 3, 7, 0, 1, 6, 3, 7, 0, 1, 6, 3, 7, 0, 1, 5, 6, 3, 2, 7, 0, 5, 6, 3, 2, 7, 0, 5, 4, 3]
    Item 429391217 history: [0, 5, 6, 3, 2, 0, 5, 6, 3, 2, 7, 0, 5, 6, 3, 2, 7, 0, 1, 6, 3, 2, 7, 0, 1, 6, 3, 2, 7, 0, 5, 6, 4, 3, 2, 7, 0, 5, 6, 3]
    Item 429391217 history: [0, 5, 6, 3, 2, 0, 5, 6, 3, 2, 7, 0, 5, 6, 3, 2, 7, 0, 1, 6, 3, 2, 7, 0, 1, 6, 3, 2, 7, 0, 5, 6, 4, 3, 2, 7, 0, 5, 6, 3]
    Item 18446744072785471177 history: [1, 6, 3, 2, 7, 0, 5, 6, 3, 2, 7, 0, 5, 6, 3, 2, 7, 1, 6, 3, 2, 7, 0, 1, 6, 4, 3, 2, 7, 0, 5, 6, 3, 2, 7, 0, 5, 6, 3]
    Item 2044000801 history: [2, 7, 0, 5, 6, 3, 7, 0, 5, 6, 3, 2, 7, 0, 5, 6, 3, 2, 7, 0, 1, 6, 3, 2, 7, 0, 1, 6, 4, 3, 2, 7, 0, 5, 6, 3, 2, 7, 0, 5, 6, 3]
    Item 18446744072135166129 history: [5, 6, 3, 2, 7, 0, 5, 6, 3, 2, 7, 0, 5, 6, 3, 2, 7, 0, 5, 6, 4, 3, 2, 7, 0, 5, 6, 3, 2, 7, 0, 5, 6, 3, 2, 7, 0, 5, 6, 3]
    Item 579998007 history: [1, 6, 3, 2, 7, 0, 5, 6, 3, 2, 7, 1, 6, 3, 2, 7, 0, 5, 6, 3, 7, 0, 5, 6, 3, 2, 7, 0, 5, 6, 3, 2, 7, 0, 1, 6, 3, 7, 0, 5, 6, 3]

  old = old ^ 1 * 1 + 4
  Test: divisible by 7
    If true: throw to monkey 7
    If false: throw to monkey 2
Monkey 4:
  Inspected items: 26

  old = old ^ 2 * 1 + 0
  Test: divisible by 3
    If true: throw to monkey 2
    If false: throw to monkey 3
Monkey 5:
  Inspected items: 146

  old = old ^ 1 * 1 + 2
  Test: divisible by 11
    If true: throw to monkey 4
    If false: throw to monkey 6
Monkey 6:
  Inspected items: 236

  old = old ^ 1 * 1 + 3
  Test: divisible by 13
    If true: throw to monkey 4
    If false: throw to monkey 3
Monkey 7:
  Inspected items: 221

  old = old ^ 1 * 1 + 5
  Test: divisible by 19
    If true: throw to monkey 1
    If false: throw to monkey 0
./task2 ans: 55932
